119899.749755859	6.61682979303744	0.121452112426925
84197.998046875	6.6855748948129	0.374863339999138
59125.9002685547	6.80151566846534	0.603398167334529
41518.2113647461	6.96581069996928	0.837916469339147
29154.7775268555	7.21164157548739	1.07346239538293
22092.8192138672	7.46277919693218	1.24137715606848
20472.526550293	7.53609991882503	1.2849893667817
17183.3038330078	7.73064516150654	1.36652273827251
15514.1651630402	7.8466852728776	1.41063816611405
14376.8787384033	7.93755627034676	1.43818002960754
12273.7884521484	8.14155109507995	1.48285524665304
12066.5729045868	8.15717781861082	1.4812961008766
10894.5965766907	8.28687137231716	1.49808642846451
10095.8347320557	8.38092232533589	1.50210604174792
8618.98064613342	8.58523611537411	1.50421851487902
8473.57511520386	8.60347848725531	1.49887696543274
7650.33066272736	8.74159642911952	1.50051724140919
7364.27307128906	8.78301844192995	1.48183395990818
7089.25724029541	8.83016756326162	1.48466197447174
6052.55365371704	9.00622721660666	1.43769644161336
5950.25718212128	9.03718111117152	1.44006013341807
5372.19643592834	9.14522032289557	1.40968851944284
5171.38838768005	9.17560825182805	1.38815229558257
4978.29914093018	9.22919299597239	1.381102430098
4250.1837015152	9.37642845459776	1.32280500304338
4178.37500572205	9.39344407895528	1.3165365707775
3772.39286899567	9.48271736571308	1.27945409642842
3631.53219223022	9.5006413449802	1.25585486833997
3495.75281143188	9.5594253006419	1.24779783528476
2984.55357551575	9.66434380800089	1.18783001997803
2934.08334255219	9.67980077282538	1.1804917704932
2649.01667833328	9.75009437659451	1.14529043070188
2550.11022090912	9.7734984349844	1.12858572136547
2454.75769042969	9.78633709354466	1.11441689563629
2095.7738161087	9.89600795067001	1.06655640055931
2060.34630537033	9.90664133961617	1.06100301967416
1860.21253466606	9.96237299753823	1.03294396010231
1790.73214530945	9.98002191644321	1.02351960979999
1723.79612922668	9.98869579169816	1.01046843622566
1471.67593240738	10.0832743329063	0.977792723333579
1446.83197140694	10.0914960882668	0.973184376858161
1306.23579025269	10.1397452675705	0.956491736006723
1257.46428966522	10.155356897507	0.950792980994338
1210.51073074341	10.1584566781128	0.943487112102379
1033.45140814781	10.2447962393096	0.927223264332399
1015.96117019653	10.2525516386384	0.925430520657828
917.281955480576	10.2973351214	0.919347696475948
883.005559444427	10.3121285626151	0.918187905846901
850.03674030304	10.3303521002605	0.919878234726224
725.686550140381	10.3974892143313	0.916137214327699
713.441520929337	10.4045853840534	0.916605615886491
644.149258732796	10.4483076862015	0.921150611700585
620.070844888687	10.4639879778265	0.924102583745577
596.910715103149	10.4777527341769	0.92846819307062
509.601086378098	10.551648851429	0.944033841857151
501.004979014397	10.5567046546356	0.9461241894992
452.329404652119	10.6030632407614	0.960974411351578
435.411930084229	10.61926532984	0.968446986869851
419.154763221741	10.6352133545196	0.974523089379106
357.860699295998	10.7136394965029	1.00814609934689
351.81175917387	10.7209142839025	1.01404774292938
317.632220685482	10.7713005562075	1.03717061722702
305.760651826859	10.7883388252047	1.04923182460308
294.335186481476	10.8067500404515	1.05998376420496
251.294113695621	10.891374758798	1.110927989024
247.047282755375	10.9004885394396	1.1180925769201
223.042443394661	10.9597950773996	1.15447771751674
214.716419577599	10.976518741575	1.16818662079911
206.690281629562	10.9985524764945	1.18346135348781
176.462344825268	11.0951067457342	1.25292997004005
173.477455973625	11.1071164460216	1.26422290881669
156.624242663383	11.1735046979368	1.31034430868738
150.776468217373	11.1873893963227	1.33255861039749
145.137310028076	11.215746487646	1.34906070732036
123.912468552589	11.333085111141	1.44019604197386
121.818855404854	11.3442618596589	1.45117485699295
109.987333416939	11.421869768528	1.51209380858624
105.877406895161	11.4424353220196	1.53525828121283
101.92021727562	11.4721249790817	1.55841825945708
87.0134681463242	11.6091336551929	1.6738560616407
85.5457037687302	11.6215705795806	1.68752057337808
77.2329512983561	11.717544137426	1.76451310199806
74.3474811315537	11.7402830367767	1.79353467919365
71.5721398591995	11.7719817950756	1.81817325599608
61.1040741205215	11.9355143057897	1.95918728709529
60.0700732320547	11.9545584512497	1.97575795792757
54.2351044714451	12.0625579937262	2.06935505912345
52.2080808877945	12.0949326463243	2.10282776873733
50.2588227391243	12.1158671878863	2.08281891815044
42.9071951657534	12.3264344809379	2.30127870839944
42.1828590333462	12.346272365775	2.32462570076065
38.0852725356817	12.4764749784141	2.43761377025514
36.6624444723129	12.516172777265	2.48235622480117
35.2924689650536	12.5548620033142	2.51474493106222
30.1306135952473	12.7979440990029	2.72048473520454
29.6218786388636	12.8175335888662	2.74486927277198
26.7440336756408	12.9742320847037	2.88614704803074
25.744317099452	13.0321427469246	2.92983679036826
24.7824937105179	13.0860001631997	2.97180810173032
21.1584847420454	13.3680294921485	3.19863507970702
20.800915081054	13.3961551215058	3.22738324432992
18.780177924782	13.5895483364387	3.38644455320037
18.0783681571484	13.6588719583828	3.44752373663308
17.4026936292648	13.7246853756786	3.50724477101775
14.8577964864671	14.0783457637271	3.77875020631327
14.6068050526083	14.1182167219636	3.80854259021109
13.1878769025207	14.3633797174341	3.99617469998071
12.6950908452272	14.4481246321086	4.06376709735933
12.2208148241043	14.5380359058121	4.13444115628088
10.4334321804345	14.9974878075245	4.43926402064378
10.2572375908494	15.0499637173304	4.47209274464733
9.2612172011286	15.371911216349	4.67257717302542
8.91467789188027	15.4885779659486	4.74391323805042
8.58143903315067	15.6135149872714	4.81942910798439
7.32659827917814	16.2247164046581	5.11832044584601
7.20316893421113	16.2907021627873	5.1448490627053
6.50304718874395	16.7194921991251	5.32745669757818
6.26005930826068	16.8722395148823	5.38112856710549
6.02612271904945	17.0408741386729	5.43695799814709
5.14512066729367	17.8180752656674	5.63490535018161
5.05792559124529	17.9048528765096	5.64445974889593
4.56656562164426	18.4372969238653	5.72277933868207
4.39595896750689	18.6197033302359	5.73508318850024
4.23169694840908	18.8123822731986	5.7458797092967
3.61280399374664	19.6906687492929	5.72067836677341
3.55177326127887	19.7815232591234	5.71104931341194
3.20666731568053	20.3335772106149	5.61989773818435
3.0870724003762	20.5119254849614	5.56542799717669
2.97155929729342	20.6890639472128	5.51621187964641
2.53698090091348	21.4980760085693	5.24853748400369
2.49407457886264	21.5773260012347	5.20781647681049
2.25178519031033	22.0209225947044	4.97302664833557
2.16768239624798	22.1618787650259	4.87288493853893
2.08668643608689	22.3009123304144	4.78956697307961
1.78148184204474	22.9136142984591	4.36859706682767
1.75138848135248	22.9635953758193	4.31072023402921
1.58126567839645	23.2654811975414	4.02452955564332
1.52218854054809	23.3452974182848	3.9247940227753
1.46531965583563	23.434429521134	3.82906381012657
1.25099177239463	23.8307534211435	3.38254127932633
1.22987330541946	23.8605304519774	3.33183984318192
1.11040571937338	24.0474110878934	3.06444380520554
1.06888910522684	24.0848595072619	2.97466171303469
1.02902413345873	24.1142390019444	2.88854376861748
0.878480932442471	24.3645628623674	2.5192571846689
0.863648892845958	24.3842932397544	2.47844697603548
0.779713445808738	24.4984075620387	2.21858926630655
0.750595063436776	24.4790487869198	2.18292187595923
0.722560798749328	24.4966608443223	2.12758802238433
0.616892066318542	24.6697011155122	1.81941901438289
0.606443791184574	24.6782925086545	1.748439198678
0.547524905414321	24.7192877929388	1.58809133941669
0.527088559465483	24.6986279077884	1.56437558049999
0.507396180182695	24.7012751120284	1.52453182215609
0.43317413656041	24.8290951872719	1.27125987943888
0.425852704211138	24.8150091341251	1.2454257064997
0.384495251637418	24.8535319734231	1.13179233778262
0.370135239791125	24.8193089670528	1.11039035475548
0.356296368408948	24.8107174194984	1.09925054219412
0.304180503007956	24.896517020295	0.901467838105548
0.299051862384658	24.9089201763255	0.880391338981789
0.26999714464182	24.9389109337511	0.798777607885435
0.259904481936246	24.8883008384284	0.776751379498954
0.250198354478925	24.8598908946649	0.775564925691416
0.213608473131899	24.9576195112644	0.640309323467239
0.20999777916586	24.9617279817777	0.621296636234484
0.182508301804774	24.9142936422353	0.55415712714605
0.175696186488494	24.8940520200155	0.57307517860188
0.1499984136899	24.9982431018868	0.454212542111004
0.128165083879139	24.947350076089	0.388718216795298
0.123378413263708	24.9096237696678	0.400237344654302
0.0899990482139401	24.9724493132905	0.279839802064258
0.0866348273120821	24.928499277284	0.288898943959056
0.0608361006015912	24.9234788000083	0.213315564506309
0.0427216946263798	24.9384451234765	0.164024129073363
0.02999968273798	24.9588439399146	0.115326643339595
